TRAINING:
	 Accuracy = 0.975609756097561
	 IOU = 0.6838184279273939
TESTING:
	 Accuracy = 0.9166666666666666
	 IOU = 0.49010193987108075
